3.877030899429e-06
9.780779437361e-06
1.261379775579e-05
1.612617447604e-05
2.028924571508e-05
2.501553367239e-05
3.025756802904e-05
3.590316510253e-05
4.207098990632e-05
4.845281352689e-05
5.501041102170e-05
6.171832954349e-05
6.827077878733e-05
7.458114654974e-05
8.047314747514e-05
8.567473230509e-05
9.021714983464e-05
9.345688830440e-05
9.550202921408e-05
9.630256791258e-05
9.504042990974e-05
9.209543944436e-05
8.718079486980e-05
7.997486826527e-05
7.042304399853e-05
5.868284915627e-05
4.450930333396e-05
2.819142787582e-05
9.574159543964e-06
-1.106414649863e-05
-3.302728117190e-05
-5.693054442672e-05
-8.152107490398e-05
-1.065240749576e-04
-1.315603150055e-04
-1.558445573086e-04
-1.786527954801e-04
-1.993011148844e-04
-2.169920760537e-04
-2.306988742995e-04
-2.396795902402e-04
-2.435723296596e-04
-2.401696876678e-04
-2.298941585257e-04
-2.123154472303e-04
-1.843041333858e-04
-1.484377858438e-04
-1.020411431533e-04
-4.536585068883e-05
2.075769699968e-05
9.858817731460e-05
1.851515323432e-04
2.820780465985e-04
3.885780735267e-04
5.022837567823e-04
6.229618345775e-04
7.498920361595e-04
8.797660901419e-04
1.011510169488e-03
1.143672476495e-03
1.272878846713e-03
1.396318353420e-03
1.512248465247e-03
1.617739328479e-03
1.708435092086e-03
1.783357102923e-03
1.837741537067e-03
1.870307732313e-03
1.876678221296e-03
1.854890161427e-03
1.802780529084e-03
1.719532589775e-03
1.599705915362e-03
1.444451450525e-03
1.255881771551e-03
1.025404705277e-03
7.625922804969e-04
4.624452854932e-04
1.273615929622e-04
-2.363366741907e-04
-6.333860618582e-04
-1.053436602445e-03
-1.494679590120e-03
-1.954001560382e-03
-2.423508045690e-03
-2.897705161295e-03
-3.370100552100e-03
-3.834145949111e-03
-4.283356106449e-03
-4.705453629379e-03
-5.099551550045e-03
-5.451377580662e-03
-5.757263097675e-03
-6.009734398442e-03
-6.195263722775e-03
-6.319812649530e-03
-6.360738181381e-03
-6.324226533753e-03
-6.204224073229e-03
-5.992692830404e-03
-5.689621692409e-03
-5.297195410504e-03
-4.809869356978e-03
-4.226361951430e-03
-3.561747176787e-03
-2.804672651739e-03
-1.973797952409e-03
-1.069028957916e-03
-9.880141037133e-05
9.200733170196e-04
1.986968583706e-03
3.082270789283e-03
4.193409709417e-03
5.307819345156e-03
6.409636875123e-03
7.483787175509e-03
8.513352581654e-03
9.481430833203e-03
1.037737748085e-02
1.117280028268e-02
1.187352000855e-02
1.244040081247e-02
1.287714930092e-02
1.318001373483e-02
1.330246152481e-02
1.328069751116e-02
1.307586750827e-02
1.269731566773e-02
1.214303009388e-02
1.140672268724e-02
1.050165374126e-02
9.423878455610e-03
8.183247964194e-03
6.789350588512e-03
5.266475778093e-03
3.609449763260e-03
1.853876455928e-03
1.743145229949e-05
-1.887303550647e-03
-3.834361727711e-03
-5.784062850859e-03
-7.728182271180e-03
-9.638669193747e-03
-1.147041397122e-02
-1.321372416839e-02
-1.483844465853e-02
-1.631549600981e-02
-1.760743512417e-02
-1.871615428687e-02
-1.958450764333e-02
-2.023952516251e-02
-2.061086326705e-02
-2.071044739168e-02
-2.056339067171e-02
-2.005499357482e-02
-1.929603287781e-02
-1.821597072885e-02
-1.683083088208e-02
-1.516819302756e-02
-1.320353916972e-02
-1.098021941866e-02
-8.495737364471e-03
-5.777744881948e-03
-2.838729647520e-03
2.686719027398e-04
3.543477070669e-03
6.938867471792e-03
1.042096919251e-02
1.395965794470e-02
1.751688425094e-02
2.105033988490e-02
2.453081271601e-02
2.791825754454e-02
3.115935757680e-02
3.425138126693e-02
3.713292307390e-02
3.977822281207e-02
4.215569755774e-02
4.426031327115e-02
4.601706525702e-02
4.747649848465e-02
4.856841508708e-02
4.927790101929e-02
4.968161282118e-02
4.961371072137e-02
4.923730147943e-02
4.846956284871e-02
4.732372255079e-02
4.586695958744e-02
4.404223787202e-02
4.192776132397e-02
3.951643910722e-02
3.684721147981e-02
3.393458646227e-02
3.084745584491e-02
2.757978558082e-02
2.418566727572e-02
2.071187628749e-02
1.717068144893e-02
1.362546087769e-02
1.009615151723e-02
6.626302879212e-03
3.248782936142e-03
5.914614898767e-06
-3.088828601564e-03
-5.991386275466e-03
-8.677340193174e-03
-1.112399755868e-02
-1.332451521359e-02
-1.523558842348e-02
-1.687820554305e-02
-1.822018029862e-02
-1.924447052595e-02
-2.001628282656e-02
-2.042252084338e-02
-2.057560548478e-02
-2.044607689209e-02
-2.002000101322e-02
-1.936707850311e-02
-1.845396123504e-02
-1.734179435763e-02
-1.602009485784e-02
-1.453138775802e-02
-1.289929048843e-02
-1.115721662980e-02
-9.312011204681e-03
-7.407523078201e-03
-5.479644356430e-03
-3.523786886846e-03
-1.594697031666e-03
2.898899661253e-04
2.111956383584e-03
3.851069792406e-03
5.475013418592e-03
6.979752726241e-03
8.346608443904e-03
9.558089436253e-03
1.060487677934e-02
1.148758582006e-02
1.219106658649e-02
1.271988460334e-02
1.307303298028e-02
1.324015563016e-02
1.325836742409e-02
1.308797710446e-02
1.277624282444e-02
1.232471725528e-02
1.172738954612e-02
1.102518650893e-02
1.020782523523e-02
9.307152359801e-03
8.329766525250e-03
7.295172856387e-03
6.219213776463e-03
5.117587705105e-03
4.006798193590e-03
2.898221236211e-03
1.809116973382e-03
7.547015480870e-04
-2.587058903418e-04
-1.215633252856e-03
-2.106255880789e-03
-2.928209163645e-03
-3.663761070747e-03
-4.320799039829e-03
-4.884798447980e-03
-5.354795147635e-03
-5.735455940585e-03
-6.023666388748e-03
-6.218151883137e-03
-6.326187729275e-03
-6.353379323373e-03
-6.291438232989e-03
-6.164423561607e-03
-5.963840498328e-03
-5.704184558234e-03
-5.392595420450e-03
-5.031178312459e-03
-4.636623191556e-03
-4.206761828128e-03
-3.756618532233e-03
-3.291539119683e-03
-2.818813087422e-03
-2.345349906339e-03
-1.876791108310e-03
-1.422141482770e-03
-9.837434771991e-04
-5.655344881130e-04
-1.772370401702e-04
1.846386963944e-04
5.134274959318e-04
8.062402067478e-04
1.067310509928e-03
1.286782735517e-03
1.472719933122e-03
1.622404166368e-03
1.734405956523e-03
1.813851547333e-03
1.861176769942e-03
1.878411104321e-03
1.867006338885e-03
1.831792083234e-03
1.773036367431e-03
1.696492646675e-03
1.602299739630e-03
1.495224550054e-03
1.378570824623e-03
1.253262064904e-03
1.123384663152e-03
9.915081602082e-04
8.598701247950e-04
7.295302424864e-04
6.039941821935e-04
4.843357422581e-04
3.707762733395e-04
2.661307854100e-04
1.712166856705e-04
8.470475556327e-05
9.755032638821e-06
-5.577049391269e-05
-1.108463976905e-04
-1.550394370613e-04
-1.911082210788e-04
-2.159919668393e-04
-2.331188321638e-04
-2.426623095747e-04
-2.441625811805e-04
-2.398879130022e-04
-2.300767811574e-04
-2.156538827603e-04
-1.973789677253e-04
-1.763792727130e-04
-1.531577706302e-04
-1.286742091758e-04
-1.036220500856e-04
-7.848617219996e-05
-5.373373748094e-05
-3.041390302925e-05
-8.230450962996e-06
1.216049805100e-05
3.042337958972e-05
4.663771296036e-05
6.042767472873e-05
7.204834727987e-05
8.126674589719e-05
8.809422115643e-05
9.281854062562e-05
9.575305768620e-05
9.640222700140e-05
9.564432844743e-05
9.355315352822e-05
8.988063354134e-05
8.543723112381e-05
8.006910535230e-05
7.413001119610e-05
6.778702438075e-05
6.113497399434e-05
5.451504722846e-05
4.793841357499e-05
4.149823667920e-05
3.550375167012e-05
2.982693935261e-05
2.462721251588e-05
1.997933788030e-05
1.588556839268e-05
1.239963247234e-05
9.465626534588e-06
