4.698984408285940364e-11
2.011037619158187298e-10
5.667424859559532524e-10
1.248971746897866548e-09
2.495431564969737367e-09
4.461932627474120504e-09
7.258525017264040052e-09
1.072533584375917252e-08
1.481169914065258257e-08
1.898995041320389440e-08
2.259440034425563242e-08
2.452974737422405701e-08
2.440476675508834538e-08
2.150104991506310731e-08
1.566588358429835710e-08
6.622148453198006652e-09
-4.272281005766405467e-09
-1.646553887748546748e-08
-2.918690797753251297e-08
-4.319847763483421752e-08
-5.831905936795312060e-08
-7.712797965838903927e-08
-1.026711675594686269e-07
-1.399898910979509163e-07
-1.914817056952556898e-07
-2.605409207107624764e-07
-3.473481140137078893e-07
-4.502218875450886047e-07
-5.603864835872241770e-07
-6.665982919550808352e-07
-7.513991856405960097e-07
-7.936305656788546927e-07
-7.649620434043223247e-07
-6.343402675682384751e-07
-3.650083807471428916e-07
8.393025957891212994e-08
7.588361165810960250e-07
1.710675608171522285e-06
2.996252907253966699e-06
4.678370975083841253e-06
6.821455612382503306e-06
9.495121237083457104e-06
1.276981387461428803e-05
1.671829853999964497e-05
2.140239705408769752e-05
2.688315227123703173e-05
3.320961478738369409e-05
4.042370452196762963e-05
4.853821945968688877e-05
5.755605594877470914e-05
6.745222117740556390e-05
7.818313514693736273e-05
8.965740514591830502e-05
1.017637087149118787e-04
1.143474809176123821e-04
1.272248597449802325e-04
1.401512616089767304e-04
1.528557430203637954e-04
1.650172139060232610e-04
1.762827733592084499e-04
1.862424388972608032e-04
1.944648706919089394e-04
2.004798192998774424e-04
2.037985269020207014e-04
2.039038374210797348e-04
2.002789931602418408e-04
1.924033037923479747e-04
1.797702049435091526e-04
1.619004128476075595e-04
1.383538234043093574e-04
1.087434602894613435e-04
7.274500482066687825e-05
3.013592414228852089e-05
-1.921942412642417019e-05
-7.533661393235499808e-05
-1.381171237495848719e-04
-2.072876344511578525e-04
-2.824482914821029706e-04
-3.630249045914782607e-04
-4.482960126818107257e-04
-5.373228941691507400e-04
-6.290312753141148782e-04
-7.221585815412771359e-04
-8.153037517096866542e-04
-9.068662494195950993e-04
-9.951521715742628425e-04
-1.078329058381133744e-03
-1.154493762301839416e-03
-1.221640384061100596e-03
-1.277771731950756327e-03
-1.320873455105748195e-03
-1.348987673830933601e-03
-1.360225582945146210e-03
-1.352856908519043137e-03
-1.325310740994224646e-03
-1.276235859546312728e-03
-1.204564016950688014e-03
-1.109546368130432921e-03
-9.907817522178425252e-04
-8.482412552127879812e-04
-6.823750571603449640e-04
-4.940683063779736234e-04
-2.846912199305888795e-04
-5.606775343412807888e-05
1.893941872784797619e-04
4.488429130343979476e-04
7.189202393318238444e-04
9.958595497457011989e-04
1.275361822251016653e-03
1.552827155787880539e-03
1.823288094582692755e-03
2.081569507101860197e-03
2.322203755281413914e-03
2.539723026890972329e-03
2.728593543951910068e-03
2.883412618092078515e-03
2.998892832143867232e-03
3.070157279468780157e-03
3.092675738865042091e-03
3.062454778316583102e-03
2.976113573559318378e-03
2.831100772247880249e-03
2.625634612086211097e-03
2.358827711142610483e-03
2.030869311756069127e-03
1.643068813259168041e-03
1.197811242090310920e-03
6.985540093528660229e-04
1.501253484068394879e-04
-4.414993432169900755e-04
-1.069196651669250585e-03
-1.724880634614999039e-03
-2.399079285775649380e-03
-3.081499938554727123e-03
-3.760929564335698493e-03
-4.425634877200062926e-03
-5.062803414392775571e-03
-5.659486741245372404e-03
-6.202329669867626995e-03
-6.678184544035481798e-03
-7.073407997421765278e-03
-7.375162471906475045e-03
-7.570900437627732862e-03
-7.649153536216085104e-03
-7.598686397228323480e-03
-7.410070156744557809e-03
-7.074874137211313585e-03
-6.586552129623385668e-03
-5.939478428509297261e-03
-5.130638424544916448e-03
-4.158538987493642231e-03
-3.024083386004990451e-03
-1.729551552608869216e-03
-2.801952150248185444e-04
1.317037159126135514e-03
3.052761857778943551e-03
4.916130674905513746e-03
6.893575615662098435e-03
8.970081998011627741e-03
1.112870861500410424e-02
1.335136971746208809e-02
1.561815572088734623e-02
1.790834698709554279e-02
2.020028986665073703e-02
2.247183965135583425e-02
2.470043473808594681e-02
2.686357626705110357e-02
2.893910988675049006e-02
3.090520817451295615e-02
3.274126372357665654e-02
3.442761862732583722e-02
3.594623535205383746e-02
3.728017173863030359e-02
3.841520141663670035e-02
3.933871914161483907e-02
4.004070551222072699e-02
4.051276206497730209e-02
4.075018588802085256e-02
4.075018588802084563e-02
4.051296571807202346e-02
4.004052070255115919e-02
3.933871914161484601e-02
3.841520141663670035e-02
3.728033677523542866e-02
3.594610722928077984e-02
3.442761862732584416e-02
3.274126372357665654e-02
3.090526593748704060e-02
2.893905373388098307e-02
2.686357626705110010e-02
2.470043473808594334e-02
2.247172295954230625e-02
2.020030070687436896e-02
1.790834698709554973e-02
1.561815572088734796e-02
1.335102726431701067e-02
1.112876732595394040e-02
8.970081998011626007e-03
6.893575615662098435e-03
4.915539860486664581e-03
3.052843001239557031e-03
1.317037159126136598e-03
-2.801952150248181650e-04
-1.730376592211224336e-03
-3.024004152623693039e-03
-4.158538987493641363e-03
-5.130638424544916448e-03
-5.940485898694525604e-03
-6.586492685202684737e-03
-7.074874137211312718e-03
-7.410070156744556942e-03
-7.599793724198942654e-03
-7.649122769380295971e-03
-7.570900437627732862e-03
-7.375162471906475045e-03
-7.074515324392386187e-03
-6.678182596598288522e-03
-6.202329669867626995e-03
-5.659486741245374139e-03
-5.063810884578003046e-03
-4.425655414668289850e-03
-3.760929564335698493e-03
-3.081499938554726689e-03
-2.399904325378004501e-03
-1.724914068350123873e-03
-1.069196651669250368e-03
-4.414993432169902923e-04
1.495345339879890754e-04
6.985173985579666393e-04
1.197811242090310920e-03
1.643068813259168474e-03
2.030526858610987809e-03
2.358795501924837532e-03
2.625634612086211097e-03
2.831100772247879815e-03
2.975996881745793850e-03
3.062431320856776051e-03
3.092675738865042091e-03
3.070157279468780157e-03
2.998950595117953841e-03
2.883399058781005268e-03
2.728593543951910068e-03
2.539723026890972329e-03
2.322368791886546355e-03
2.081564582028233058e-03
1.823288094582692755e-03
1.552827155787880539e-03
1.275565475345733250e-03
9.958607017646241635e-04
7.189202393318238444e-04
4.488429130343978934e-04
1.895789969480485358e-04
-5.606332757692497181e-05
-2.846912199305888795e-04
-4.940683063779738402e-04
-6.822469343872912409e-04
-8.482358751365790071e-04
-9.907817522178425252e-04
-1.109546368130433355e-03
-1.204507864081178848e-03
-1.276231026525107915e-03
-1.325310740994224646e-03
-1.352856908519042703e-03
-1.360236423168777490e-03
-1.348984072567752058e-03
-1.320873455105748629e-03
-1.277771731950756327e-03
-1.221699095010938488e-03
-1.154491467974036152e-03
-1.078329058381133961e-03
-9.951521715742628425e-04
-9.069473928802089047e-04
-8.153025027379398821e-04
-7.221585815412772443e-04
-6.290312753141148782e-04
-5.374021275504482602e-04
-4.482954459393247767e-04
-3.630249045914780981e-04
-2.824482914821030248e-04
-2.073470788718575098e-04
-1.381169226458229464e-04
-7.533661393235502519e-05
-1.921942412642418713e-05
3.010515730650119290e-05
7.274500482066686470e-05
1.087432591856994315e-04
1.383532566618234083e-04
1.618972164386669956e-04
1.797679106157061329e-04
1.923997025291661063e-04
2.002741601390368379e-04
2.039189948130981449e-04
2.037941010448175673e-04
2.004786672809543422e-04
1.944697957655352918e-04
1.862894319434590462e-04
1.763062308190153655e-04
1.650494231237964015e-04
1.528923538152633145e-04
1.402213061390010290e-04
1.272453972132075355e-04
1.143455334804187258e-04
1.017329418791245745e-04
8.963016994299180182e-05
7.810390176563977477e-05
6.737107771679167714e-05
5.749734499893669479e-05
4.855083669586239564e-05
4.047985739147689084e-05
3.333773756043754592e-05
2.706796194080579544e-05
2.161960945987747719e-05
1.688333514513182173e-05
1.282757684870063653e-05
9.378429423559359775e-06
6.483927540927511489e-06
4.087556556233747215e-06
2.171213304899378782e-06
7.032054229443542518e-07
-3.496428729607497559e-07
-1.023396711039871587e-06
-1.372478565974311137e-06
-1.459379869922826604e-06
-1.360202319457568216e-06
-1.136083710760192804e-06
-8.680909991646923852e-07
-6.088353178687325521e-07
-4.007299546638759501e-07
-2.465687928286767663e-07
-1.625384444449435140e-07
-1.324181476569049595e-07
-1.401618573909421727e-07
-1.508301147293638958e-07
-1.613821173974822374e-07
-1.582714402722709418e-07
-1.411537038473995827e-07
-1.026428983344676503e-07
-5.995374376484993572e-08
-1.841297607113018381e-08
1.397085941844043303e-08
4.005588357804120100e-08
5.227667848379822240e-08
5.371026768821267312e-08
4.661325481511005901e-08
3.808905844758880895e-08
2.751947397060087806e-08
1.783793149014211838e-08
9.819099451545187826e-09
5.345259634929363256e-09
2.425503812319305833e-09
8.606694456227550170e-10
