6.854913864000e-06
2.933716833000e-05
8.267682092000e-05
1.822009396000e-04
3.346982688000e-04
5.253549867000e-04
7.050447753000e-04
7.848495715000e-04
6.456473839000e-04
1.680573886000e-04
-7.184734519000e-04
-1.978042517000e-03
-3.421991913000e-03
-4.698704960000e-03
-5.340810348000e-03
-4.877338474000e-03
-2.996021341000e-03
2.840936053000e-04
4.488289189000e-03
8.671796886000e-03
1.155862537000e-02
1.183726918000e-02
8.564797604000e-03
1.581379992000e-03
-8.191622918000e-03
-1.869064668000e-02
-2.696017386000e-02
-2.970906692000e-02
-2.407566432000e-02
-8.426506187000e-03
1.702308969000e-02
4.995732286000e-02
8.618845263000e-02
1.203573989000e-01
1.469705098000e-01
1.615376929000e-01
1.615376929000e-01
1.469705098000e-01
1.203573989000e-01
8.618845263000e-02
4.995732286000e-02
1.702308969000e-02
-8.426506187000e-03
-2.407566432000e-02
-2.970906692000e-02
-2.696017386000e-02
-1.869064668000e-02
-8.191622918000e-03
1.581379992000e-03
8.564797604000e-03
1.183726918000e-02
1.155862537000e-02
8.671796886000e-03
4.488289189000e-03
2.840936053000e-04
-2.996021341000e-03
-4.877338474000e-03
-5.340810348000e-03
-4.698704960000e-03
-3.421991913000e-03
-1.978042517000e-03
-7.184734519000e-04
1.680573886000e-04
6.456473839000e-04
7.848495715000e-04
7.050447753000e-04
5.253549867000e-04
3.346982688000e-04
1.822009396000e-04
8.267682092000e-05
2.933716833000e-05
